
[ -1 1 0 1 ]
[ 1 1 0 1 ]
[ 1 -1 0 1 ]
[ -1 -1 0 1 ]

World Transform

[ 1.41421 1.41421 0 0 ]
[ -1.41421 1.41421 0 0 ]
[ 0 0 2 0 ]
[ 0 0 0 1 ]
World objekt:
[ -2.82843 -1.19209e-07 0 1 ]
[ -1.19209e-07 2.82843 0 1 ]
[ 2.82843 1.19209e-07 0 1 ]
[ 1.19209e-07 -2.82843 0 1 ]

Camera Transform

[ 1.41421 1.41421 0 0 ]
[ -1.41421 1.41421 0 0 ]
[ 0 0 2 0 ]
[ 0 0 0 1 ]
Camera objekt:
[ -2.82843 -1.19209e-07 6 1 ]
[ -1.19209e-07 2.82843 6 1 ]
[ 2.82843 1.19209e-07 6 1 ]
[ 1.19209e-07 -2.82843 6 1 ]

Perspective Transform

[ 1.08253 0 0 0 ]
[ 0 1.73205 0 0 ]
[ 0 0 1.001 1 ]
[ 0 0 -0.1001 0 ]
Clip objekt:
[ -3.06186 -2.06477e-07 5.90591 6 ]
[ -1.29048e-07 4.89898 5.90591 6 ]
[ 3.06186 2.06477e-07 5.90591 6 ]
[ 1.29048e-07 -4.89898 5.90591 6 ]

NDC objekt:
[ -0.51031 -3.44128e-08 0.984318 1 ]
[ -2.1508e-08 0.816496 0.984318 1 ]
[ 0.51031 3.44128e-08 0.984318 1 ]
[ 2.1508e-08 -0.816496 0.984318 1 ]

Viewport Transform

[ 20 0 0 0 ]
[ 0 -12.5 0 0 ]
[ 0 0 1 0 ]
[ 20 12.5 0 1 ]
Screen objekt:
[ 9.79379 12.5 0.984318 1 ]
[ 20 2.29379 0.984318 1 ]
[ 30.2062 12.5 0.984318 1 ]
[ 20 22.7062 0.984318 1 ]

NDC objekt:
[ 215.876 -143.75 0.984318 1 ]
[ 420 -16.1724 0.984318 1 ]
[ 624.124 -143.75 0.984318 1 ]
[ 420 -271.328 0.984318 1 ]
